London = [51.507222, -0.1275]
Berlin = [52.518611, 13.408333]
Potsdam = [52.4, 13.066667]
